iter      cost      cost_change  |gradient|   |step|    tr_ratio  tr_radius  ls_iter  iter_time  total_time
   0  8.509125e+05    0.00e+00    8.57e+06   0.00e+00   0.00e+00  1.00e+04        0    2.51e+00    2.54e+00
   1  4.648193e+04    8.04e+05    3.55e+06   2.10e+02   9.61e-01  3.00e+04        1    2.53e+00    5.07e+00
   2  1.481752e+04    3.17e+04    4.47e+05   3.30e+02   9.60e-01  9.00e+04        1    2.55e+00    7.62e+00
   3  1.346029e+04    1.36e+03    3.80e+04   5.21e+02   9.70e-01  2.70e+05        1    2.63e+00    1.03e+01
   4  1.343304e+04    2.73e+01    4.68e+04   1.02e+03   3.56e-01  2.64e+05        1    2.56e+00    1.28e+01
   5  1.338876e+04    4.43e+01    1.90e+04   1.23e+03   7.88e-01  3.26e+05        1    2.53e+00    1.53e+01
   6  1.337551e+04    1.33e+01    1.40e+04   1.64e+03   6.47e-01  3.34e+05        1    2.53e+00    1.79e+01
   7  1.336596e+04    9.54e+00    7.09e+03   1.78e+03   7.75e-01  4.00e+05        1    2.53e+00    2.04e+01
   8  1.336049e+04    5.48e+00    5.24e+03   2.21e+03   7.44e-01  4.54e+05        1    2.53e+00    2.29e+01
   9  1.335651e+04    3.98e+00    3.31e+03   2.59e+03   7.77e-01  5.46e+05        1    2.53e+00    2.55e+01
  10  1.335360e+04    2.90e+00    2.36e+03   3.21e+03   7.75e-01  6.55e+05        1    2.54e+00    2.80e+01
  11  1.335141e+04    2.19e+00    1.59e+03   3.94e+03   7.81e-01  7.97e+05        1    2.53e+00    3.05e+01
  12  1.334976e+04    1.65e+00    1.07e+03   4.89e+03   7.83e-01  9.74e+05        1    2.54e+00    3.31e+01
  13  1.334851e+04    1.25e+00    7.13e+02   6.08e+03   7.86e-01  1.20e+06        1    2.53e+00    3.56e+01
  14  1.334756e+04    9.51e-01    4.78e+02   7.57e+03   7.88e-01  1.48e+06        1    2.52e+00    3.81e+01
  15  1.334683e+04    7.28e-01    3.27e+02   9.46e+03   7.89e-01  1.83e+06        1    2.53e+00    4.07e+01
  16  1.334627e+04    5.61e-01    2.29e+02   1.18e+04   7.91e-01  2.28e+06        1    2.53e+00    4.32e+01
  17  1.334583e+04    4.35e-01    1.65e+02   1.49e+04   7.92e-01  2.85e+06        1    2.53e+00    4.57e+01
  18  1.334549e+04    3.38e-01    1.21e+02   1.87e+04   7.93e-01  3.57e+06        1    2.53e+00    4.82e+01
  19  1.334523e+04    2.65e-01    9.10e+01   2.35e+04   7.93e-01  4.48e+06        1    2.53e+00    5.08e+01
  20  1.334502e+04    2.08e-01    6.97e+01   2.95e+04   7.94e-01  5.62e+06        1    2.53e+00    5.33e+01
  21  1.334486e+04    1.64e-01    5.44e+01   3.72e+04   7.94e-01  7.05e+06        1    2.53e+00    5.58e+01
  22  1.334473e+04    1.29e-01    4.32e+01   4.68e+04   7.94e-01  8.86e+06        1    2.53e+00    5.84e+01
  23  1.334463e+04    1.01e-01    3.51e+01   5.26e+04   7.97e-01  1.12e+07        1    2.54e+00    6.09e+01
  24  1.334455e+04    7.79e-02    2.61e+01   5.92e+04   8.00e-01  1.43e+07        1    2.52e+00    6.34e+01
  25  1.334449e+04    6.09e-02    2.18e+01   7.05e+04   8.00e-01  1.82e+07        1    2.53e+00    6.59e+01
  26  1.334444e+04    4.82e-02    2.02e+01   8.68e+04   7.99e-01  2.32e+07        1    2.54e+00    6.85e+01
  27  1.334440e+04    3.81e-02    1.90e+01   9.83e+04   8.00e-01  2.96e+07        1    2.53e+00    7.10e+01
  28  1.334437e+04    2.97e-02    1.97e+01   9.60e+04   8.03e-01  3.81e+07        1    2.57e+00    7.36e+01
  29  1.334435e+04    2.32e-02    2.13e+01   1.04e+05   8.06e-01  4.93e+07        1    2.57e+00    7.62e+01
  30  1.334433e+04    1.86e-02    2.36e+01   1.20e+05   8.05e-01  6.37e+07        1    2.52e+00    7.87e+01
  31  1.334432e+04    1.42e-02    2.53e+01   1.33e+05   8.19e-01  8.62e+07        1    2.53e+00    8.12e+01

Solver Summary (v 2.0.0-eigen-(3.3.7)-lapack-suitesparse-(5.7.1)-cxsparse-(3.2.0)-eigensparse-no_openmp)

                                     Original                  Reduced
Parameter blocks                         7825                     7825
Parameters                              23769                    23769
Residual blocks                         31843                    31843
Residuals                               63686                    63686

Minimizer                        TRUST_REGION

Dense linear algebra library            EIGEN
Trust region strategy     LEVENBERG_MARQUARDT

                                        Given                     Used
Linear solver                     DENSE_SCHUR              DENSE_SCHUR
Threads                                     1                        1
Linear solver ordering              AUTOMATIC                  7776,49
Schur structure                         2,3,9                    2,3,9

Cost:
Initial                          8.509125e+05
Final                            1.334432e+04
Change                           8.375681e+05

Minimizer iterations                       32
Successful steps                           32
Unsuccessful steps                          0

Time (in seconds):
Preprocessor                         0.031606

  Residual only evaluation           0.207469 (32)
  Jacobian & residual evaluation    80.102166 (32)
  Linear solver                      0.766493 (32)
Minimizer                           81.206441

Postprocessor                        0.000970
Total                               81.239017

Termination:                      CONVERGENCE (Function tolerance reached. |cost_change|/cost: 8.233143e-07 <= 1.000000e-06)
